0.03697814767113017
0.01340565096895626
-0.029122858063954694
-0.043938112001750664
-0.04121401948679836
-0.0313933662000295
-0.02396604648612177
-0.010733875697628641
0.046737316192994455
0.01917345697834993
-0.01872298640771797
-0.022825953314048773
-0.018325206204481307
-0.012972998610491705
-0.01991923876268195
-0.01586670197105988
0.049849223245527034
0.02505460915313022
0.0014151472362828833
-0.024101498054345645
-0.021904672595639517
-0.015324315060529666
-0.01921087023983275
-0.017367415297703914
0.0492336695801625
0.02451139688361232
-0.005259125157918632
-0.03409115812265179
-0.03079671368960692
-0.02584612258002588
-0.01999245363843862
-0.02361384015917924
0.035717246318913834
0.016270938360438216
-0.004160223003225792
-0.024285155740604848
-0.025869100168790644
-0.03121149045421027
-0.02111171901865919
-0.02788515738070504
0.016742152588005713
0.007393343554340996
-0.005767437081959475
-0.02664297096740275
-0.03329483549005438
-0.023037435275472425
-0.019084179355190647
-0.028326882933456997
-0.010344935867769495
0.012375893808231338
-0.005038172324033337
-0.02586847475955684
-0.035423353268688
-0.018493564815889072
-0.01876644715622757
-0.027888163406312127
-0.021288071425237965
0.02519121435217028
0.016269404643803057
-0.026507475389540992
-0.052610774961128134
-0.011571586643049163
0.001466785044347523
-0.01274946380249997
-0.023238060833635568
0.040660629354412454
0.04998200301307644
0.009197051287369739
-0.02717482351451648
0.015262284598649667
0.026641196215694902
0.017322211230713952
-0.020164325346295992
0.04044003493919105
0.07565627741381342
0.03686406206084784
-0.023074566639542857
0.008821478020668592
0.030571994791936966
0.047137027901824835
-0.004242686982071921
0.0475498901169216
0.09347592931536289
0.04167739933771835
-0.03079163456299678
0.008628761554888635
0.037869776058439886
0.07348645111489452
0.009626991683239286
0.057558869493510634
0.08093640570879149
0.020222674847967255
-0.043092133223977806
-0.0026129920203037302
0.03843700200817497
0.08673784432239556
0.017333061867277965
0.05448044096213848
0.07110179945481307
0.022044907696688164
-0.04273581753537762
0.0003566835732622383
0.04812979982536714
0.0745235050163369
0.028743776088805253
0.05677897822603635
0.06325763890880123
0.02040253861541142
-0.021786663484011558
0.010461377730589711
0.06560315978011624
0.052531807641748786
0.03435162457262277
0.05775318950319304
0.0554209177713262
0.03343658128047521
0.02424667912842068
0.034811859160143475
0.05197130787766917
0.015017105588399969
0.029177703327235047
0.05893388438649195
0.06480231882357254
0.06494411554413256
0.04363621915329637
0.011952942708844925
0.0007460268257242664
-0.010800365650174924
-0.0053107104655702305
-0.006856732228244787
-0.008332281636491847
-0.009045362544416357
-0.005101899009879061
0.004305640652566612
0.005800371597837412
0.004665071963149897
-0.005075654569951813
-0.0006149511975354774
0.00319925839091279
0.0035483963111654893
0.0022818687493585932
0.013277837196217137
0.00835918574235599
0.006794206451839538
-0.004727401115074078
0.002437762339897528
0.026983119379526035
0.03384344830669227
0.04266099520872997
0.043336305634534285
0.024108883924355885
0.014046176151129465
0.004530139940881051
0.029277404296971423
0.072084304888514
0.06961502096925937
0.05707304241246284
0.04352508939179099
0.021494149328918976
0.01395840456410393
0.031204236214761608
0.08941484474023902
0.12474108200032728
0.10881872719128781
0.07130342941160482
0.05513880839471424
0.01954015422855411
0.014661426199396846
0.10226839489103856
0.13490417868264662
0.10409823361841555
0.060927658048535255
0.024253624699543692
0.019364726009379246
-0.0027771765570674253
0.003272157834391277
0.17958840792837716
0.09503582370342355
0.038429324737015685
0.00809754906951781
-0.018098804667612375
-0.0019007554840311475
-0.016629972360248307
-0.01303466091659537
0.22510679196703587
0.031731306407678656
-0.008327526760800095
-0.022027612688483262
-0.0435300475004174
-0.01625726790569942
-0.02459156615557612
-0.017855502074900324
0.23990134018341974
-0.003307655329585568
-0.02682292572165892
-0.034675414663378465
-0.05111824394074342
-0.016323519918106964
-0.02035121633659823
-0.012630354211342568
0.2413189652420278
0.00784025602641174
-0.0173647131312871
-0.021213845523001117
-0.04263990790455451
-0.008990122190442923
0.00267545812607301
0.012961089390218169
0.20769691712271166
0.06004844433919059
0.025794887938908866
0.007392710212468663
-0.011273168994213809
0.02530679104378688
0.03892478233173848
0.04691983724047672
0.14324587223970184
0.09939103300811397
0.06875152568011744
0.05469059319528126
0.035569394490437764
0.05203350335751875
0.06216290491676695
0.05539143984872388
0.06411151342719555
0.07937008138514642
0.06849843005061564
0.04716343288711491
0.031069437394228523
0.04137601650963561
0.04711688159933062
0.03322451487586517
0.01510535199190473
0.029640791753556505
0.04170883555844793
0.03278946901693695
0.0199868537352335
0.014335664557676242
0.01668179733997292
0.015889171363229218
-0.001984622784638855
0.006708242511552204
0.008492496310969674
0.009554837634045157
0.0036962574178145396
-0.0013516598471320497
0.008537784437913054
0.006255004645414927
-0.0056379090157020655
-0.004071778745626698
-0.003729978598634884
0.003528158736975015
0.0005326885746675718
0.002720297973632011
0.009361587264861474
0.005299245042980545
-0.000727603386065134
-0.011268225531777306
-0.011309259592837146
-0.007667747300245841
-0.0010404347291856372
0.015591741802804895
0.003202409761927186
0.018469952983529887
-0.002508959573285064
-0.01622220303411662
-0.017102166398741115
-0.00559861374811741
0.012761609099965536
0.04261223198803056
0.013023201626967434
0.026706811274049818
-0.005522605739261894
-0.016278856745190536
-0.021801887001743337
-0.002786137202822102
0.017953429559017055
0.043696050188381616
0.020858811887153744
0.027404471004788183
-0.011395133802088021
-0.024876228958141906
-0.036919865167448676
-0.01262591303890179
0.025804945516023126
0.05216720576895613
0.03226209518700963
0.025299675497046092
-0.026669876701912364
-0.04020421596541071
-0.04637433043693605
-0.021852424670017367
0.01773081254520485
0.03464474914907824
0.03195457161692708
0.02579093011796233
-0.03894395254846558
-0.04523413071328561
-0.04805353238502341
-0.017578916588504155
0.019042316569793948
0.03393202473820498
0.03998500841353093
0.01820636253013314
-0.05339880141970079
-0.04306999877560589
-0.03774533616411784
0.0035197493939888094
0.02519041192646805
0.044301525666797154
0.053720077522692415
0.020121269476909308
-0.05786548789380755
-0.02836612843717437
-0.016686116996382533
0.021495063488372
0.03888171062154334
0.07663936645745004
0.0655483975839287
0.02066367448018932
-0.04411698638943502
-0.007604432304317581
0.027033140009058015
0.04828935077470368
0.06602843793174963
0.09860630279875501
0.061772816871744456
0.014387124324568658
-0.009381670204140173
0.022167920715482722
0.05589938344185264
0.050222064770903
0.07499186215443861
0.10418978757650377
0.06793061571860982
0.012435680856911687
0.023270692598740664
0.024679966784412512
0.044675355509886404
0.034319137495341365
0.07507111390043777
0.10112838430174989
0.06287932851002084
-7.020444190232015e-05
0.06865993792451185
0.04379897766073374
0.03864748215567087
0.023248941322066927
0.060533066237596925
0.09185021883608802
0.05942490080238068
0.0032102566539380533
0.0963498649053184
0.047394792722852554
0.031998888663107766
0.0314921862046748
0.054658903473414476
0.07580491236407694
0.06597616086318073
0.02923279815976989
0.10000136342649672
0.060213301045968656
0.03524531529896159
0.036812079333469486
0.05310281546379118
0.06275509095144413
0.05963274829638806
0.03459668334100884
0.07235650791535934
0.0703251643193311
0.04845058312275097
0.04544927791495044
0.04925211954636446
0.04712568268768306
0.055950359636673906
0.03665684435318779
0.03292664091426564
0.05875926879831588
0.07308051046984827
0.07153591078746646
0.05444981970322512
0.033448333864554106
0.030536409899558675
0.028156135358849133
-0.011768121598434168
-0.024009292448354338
-0.03141427669481766
-0.01876519668677914
0.0038044603097362475
0.015668300239561284
0.019918657189743907
0.011718518989603428
-0.017596921610376962
-0.00876670757421156
0.004021951114758024
0.026881764849593214
0.031624585025028434
0.022318887329175762
0.02822310355779797
0.0334995546281363
-0.018274922212908763
0.02790522721981436
0.06425469772273497
0.09598500395682924
0.09649802597692284
0.08545770993847879
0.08686655818897895
0.09267073417641049
-0.010873405115153221
0.09016911561149396
0.14568775880338808
0.1707581301870236
0.16538008286524844
0.14114713383397884
0.1327510325342376
0.1606380040187232
0.008549913079043544
0.15965849957851216
0.17044777629987615
0.13706211486814626
0.09336794742458979
0.05035815880654993
0.08117834121623779
0.1677177598307914
0.0863566571387331
0.18429045649365347
0.12390032628049741
0.039781800408667946
-0.009679048274463345
0.000627588246859655
0.07399092514116762
0.14568065518177695
0.13636671283060153
0.1776267561363018
0.10953751040466637
0.03863810017360751
0.004356079504437922
0.07264564178450214
0.07849699042604437
0.04452762142343209
0.20740696431204397
0.1809465247739253
0.15708828986988643
0.11362214783207253
0.03694227024061798
0.06313031885674353
0.002647031976149517
-0.09537800107948566
0.26587028079047853
0.19523124259540542
0.14311770532186183
0.015151122063849963
-0.07340155996209584
-0.07089783609848345
-0.06049552508395047
-0.14038158967004732
0.24151678463730267
0.08454705168106702
-0.028596859899371857
-0.10084599505671933
-0.13947255448619417
-0.14465373773393111
-0.09121256463210207
-0.1144379666133592
0.24958206875190148
0.14782417905758383
0.02583205819509983
-0.0004135684151516937
-0.0355848502833612
-0.055408613932513236
-0.0405464058600127
-0.05770643378926189
0.16684008062388636
0.13244786509824097
0.08343009621226641
0.07272117226545778
0.04290244731211235
0.04355526899753446
0.029180592662982167
0.01998197333270434
0.11172353377486939
0.1466268740649173
0.15742490815866278
0.16064723097789374
0.12047749133851604
0.13044614384151448
0.09710249774972406
0.0671905309624423
0.03360267735143515
0.06477258800198664
0.08293477681569889
0.10587185067360122
0.08298512358869321
0.07893682495156483
0.05598459273975232
0.027630030363703185
-0.004219222292182037
0.006249583615893909
0.018341836414306225
0.03370783175354635
0.011874937445246174
0.014072010363856463
0.015345741283160783
0.009340623670426413
-0.007139936965219815
-0.010992676999805008
-0.013774259503594408
3.6801801932609594e-05
-0.012451426722718952
-0.009095401390714455
-0.001222458694695139
0.006280526582612031
-0.002789432020095228
0.0030723050023359877
0.0026380248098820044
0.021738064639520206
0.045324833460298995
0.051871082996564524
0.03419829880813416
0.0160632124261151
0.00019185613743747686
0.009266052899785077
0.014728069630621477
0.019255995861923607
0.02962856918974156
0.03456883557876514
0.02584421668629785
0.027511807649055225
0.00021621363250951933
0.009103421542114411
0.013769173409438475
0.02174468388200063
0.02434438933094067
0.02203553416810726
0.0080996324918675
0.020552818212750103
-0.002687507338406482
0.0075541355287670675
0.01602198047717613
0.029830483425327257
0.022734546509587727
0.010886079258013081
-0.008150093102615405
0.01415153665343317
-0.012828549863323714
0.002417119012733377
0.014631188074668436
0.02104695719692141
0.003565840244440665
-0.014339429011766117
-0.025989274207955333
0.0029997546033337687
-0.026095710836753258
-0.0009377256160206194
0.010292449578307305
0.012261657482190507
-0.006536594647543551
-0.02588103003947719
-0.02522373401774732
-0.010653055367705729
-0.04155598136206376
-0.00040201869556881834
0.023545572674679327
0.021351385512946238
-0.020532192863312638
-0.03671811985480381
-0.0284838870633097
-0.019076592923705574
-0.03704482740057348
0.009341726832090072
0.032049122687796645
0.028804142732657693
-0.011379402368542839
-0.023875602890486288
-0.030883680651987964
-0.014754932145528442
-0.017735617756876234
0.011913078889835452
0.03457604835152934
0.03225656563394208
9.196395903136726e-05
-0.014410311099044623
-0.025760144955096622
-0.014314675371211982
-0.007851597109980473
0.003489365550259166
0.023283041109144774
0.02782047543335738
-0.0025978144915864408
-0.024698505825802897
-0.03363668101190766
-0.02631186192724876
-0.0031429508382316926
-0.00036341919808346675
0.007173949345878434
0.025695209684803426
-0.0006587942754208895
-0.02746544331589508
-0.03486606819463979
-0.028269375572963377
-0.007090241982808352
-0.008057270800734193
-0.0031769610153233284
0.02809926941182316
-0.0019105899710009661
-0.030054983490559368
-0.03480289135362119
-0.024302535098281005
-0.014946752770754898
-0.00821152738280375
-0.0009748478104828186
0.030998890411249334
0.009943389691008005
-0.018695742952120172
-0.022285169844779375
-0.01117294065143416
-0.0199288150884708
-0.01609943416046209
-0.0015960605679364952
0.023467706861874948
0.008912622633580981
-0.01489049316595581
-0.016785098807858764
-0.008043964368176525
-0.015422693208845232
-0.016145251519155933
0.003230551765129343
0.019267970663722593
0.006986981517280575
-0.015853264110710513
-0.013109470364778802
-0.005564495038333246
-0.008823468281469708
-0.015513344409926074
-0.005929517179492362
-0.0017812040209295224
-0.0019951340330785017
-0.018110117661873253
-0.005442676559425839
-0.0037251278241457325
-0.015270031558700459
0.03422308953428889
0.10021668276636883
0.14131587723477732
0.15053472102079812
0.12661283117322866
0.08900837093524289
0.02993898296889287
-0.00607453805245494
0.07602984415579916
0.12490697029926749
0.10745369126660757
0.1090012707598016
0.11552826649300633
0.10598292022780315
0.053927638960734166
0.0003821506883604109
0.10144895659210658
0.12905126815662205
0.10013614541099988
0.11531816334777868
0.12662177254155135
0.1065729165401466
0.05107018412033854
0.01235993032536906
0.10818578568516189
0.1172903478377206
0.10459959951830394
0.11023441731807099
0.12976058162598667
0.09856393156014782
0.03188428131286567
-0.008557970814893644
0.08811170958211524
0.10087965208942003
0.0906075285498479
0.12204774361635454
0.1674787779507188
0.11974078793120446
0.032627916632399674
-0.04448390868027748
0.045638934665058015
0.027763155942497442
0.0387047282462428
0.08754531706551857
0.13996959234496312
0.13228396704272624
0.03825970942653586
-0.09120738508772196
-0.019808072268618932
-0.013153221359449381
0.028543454937977223
0.05520596911703333
0.09999670326428073
0.12798692861239697
0.053028189514162265
-0.11546046006156975
-0.06220951332080017
-0.039116768788681214
-0.010281279912674059
0.013268508535628814
0.06728693297112573
0.11950730889910276
0.06508175414826639
-0.11517580477773792
-0.09377118036110227
-0.0479662421529029
-0.03782159765626425
-0.018523469999435296
0.03186230965897977
0.08933488767474768
0.07876605489486449
-0.09362004329793915
-0.09605875973943044
-0.03251857070154348
-0.02086412477042249
-0.010660450047978089
0.0343812217201495
0.07838980256538686
0.07791771067983792
-0.061791888864892966
-0.09148464867855859
-0.03830889294837963
-0.025878560539149352
-0.017795632860614294
0.04053671682097862
0.08227421271133653
0.07560640215136587
-0.012180850530147804
-0.04317438037450044
-0.022633188359410198
2.905205860712648e-05
0.004819081460872871
0.06054645383718928
0.10240870564308589
0.09191228829696625
0.028398753129453985
0.014101025107596137
0.0031856054600376232
0.014248166991266884
0.01008319746525762
0.055073195589408604
0.09189764584640239
0.07583595608363046
0.049783122371490636
0.056908478022667276
0.03657137029899407
0.050278002354658145
0.05591893120905047
0.07858066058538427
0.10540507634802157
0.06335403234238579
0.04504395247674657
0.08268820742423934
0.07310949118214934
0.079623073377866
0.07926779126642092
0.09116888014943533
0.09717120352065159
0.03753753268346341
0.037660170932613216
0.10203570531596803
0.14624797871845077
0.1696844128057226
0.15362408885803758
0.12395166408434415
0.08016670760482408
0.014454626050219648
0.028126604848618522
0.016614385937631426
-0.0006153446588659875
-0.006377783233724426
-0.014451717276029341
-0.011353264694385188
-0.006085367294476366
-0.003613724639791109
0.040123343337856714
0.0127532428251689
-0.0025062792108428125
-0.007034118249751156
-0.020624558231031806
-0.014684362208334136
-0.012838726865002412
-0.010257461885227116
0.05053090507857668
0.012762244644819272
-0.002258014329712193
-0.010942714240388144
-0.029744665692190083
-0.01593784485141385
-0.011412795847940417
-0.011647224060734937
0.05226669332071876
0.008309537629051596
-0.004258484412631015
-0.021647155618349446
-0.03507695345117397
-0.016450502957500245
-0.016469025667179005
-0.01584255684596671
0.04728754049323486
-0.0005180320697581506
-0.031217618849650953
-0.05281194739062883
-0.06152773972098451
-0.039986635195319274
-0.0376461526133704
-0.032113016225252276
0.027785083406979397
-0.018990636701913234
-0.023520452935502686
-0.02571787888727284
-0.04303670407712636
-0.034312770568779724
-0.025348648917918336
-0.03541696746630871
0.0009588045531781663
-0.01710347730822822
-0.005604618138257453
-0.0181219753314591
-0.0368856656239266
-0.025857572902027167
-0.01886694333067679
-0.033746120351288676
-0.015456862972350494
0.00540955957792879
0.0015736593565649538
-0.014948637943097759
-0.015372797994735553
-0.0014179080500667837
-0.004444547485569104
-0.031613505236713774
-0.02438408190697215
0.024985087283984332
0.02062369446631398
0.006774209102233454
0.00964352171474192
0.016148686590019386
0.010164543916904079
-0.021137034428708863
-0.028779954542669333
0.025786248690750448
0.03895385250999475
0.02244392471096723
0.014143317797183056
0.01633491803354724
0.010638107095943497
-0.011774564403421907
-0.026060519325172234
0.01574818192257033
0.04336731540949209
0.01987963699447443
0.013844964620340504
0.013476539730575124
0.015612147984572063
-0.0042266432764537
-0.004662559465412645
0.029462586963645197
0.02341726038741925
-0.019076072002129244
-0.023559404470420875
-0.02094239103063576
0.005619915370208522
0.012116904165130093
0.00791657291833918
0.04010341281345009
0.02934114322699256
-0.01469063665495315
-0.01601747316536541
-0.013351721607345523
0.027506995843538898
0.04275580470513699
0.01881433035228872
0.04029291802593383
0.018382381936124854
-0.021356435907027207
-0.016031059567076626
-0.004592681772020815
0.0348078209596089
0.045698775238393365
0.013528659264924237
0.030363511292084578
0.015019668480243237
-0.018032320679023595
-0.017395660570235432
0.0018470679923800228
0.02917665637229533
0.03887321932313678
0.009938343114660431
0.014371555095500572
0.0015840060570025914
-0.01856460326241739
-0.01736594973423874
0.002719106212565025
0.025734632809948192
0.03235798639181095
0.01769971003695528
0.07337692805638643
0.20479613749251155
0.2689915380884062
0.2619207269573159
0.13573068065948538
0.04773087088942705
0.014646259122988578
0.009466426361403567
0.025292486980854924
0.08588220067180641
0.10787058781249678
0.13330889296838322
0.05367538100044291
0.017524028357899516
0.0012859131930597837
-0.005162740917749398
-0.0008261538019611935
0.0282285237935844
0.03948031960717836
0.06859858499077783
0.013157656713787356
-0.0006188868531975809
-0.007830808992171031
-0.011620677467667014
-0.006193867579030904
0.013979116899439516
0.018488193233307637
0.03740309328841786
-0.0051512988667114235
-0.017266727392124852
-0.01308684257193256
-0.017919133124010674
-0.012228733093412367
0.008669233844457962
0.014318572336952192
0.017781283415118487
-0.016238541558835896
-0.02870921092112724
-0.019300510760991974
-0.030198328880153377
-0.02325619162729319
0.0033976587541499105
0.030381074716127256
0.04570658041744648
-0.007234832225695453
-0.027712118194285932
-0.0280263582310678
-0.030324240455690762
-0.02356149580182817
0.009222424237525801
0.07833364937354743
0.110323942763242
0.01907817600648208
-0.023854332940330354
-0.0357215001599186
-0.039812009818579526
-0.023566985247020403
0.028837468412711245
0.12958313790593123
0.1756283669622479
0.036281269435129236
-0.01713066995558698
-0.04035641796659793
-0.039179264923236395
-0.013647911412238931
0.05251696585674782
0.17718667454466236
0.21835868879252518
0.039569234941396816
-0.014859862754539706
-0.04466681650093561
-0.03955005027606946
-0.013134774371451616
0.06275532289816668
0.20085212745509734
0.24458790799141233
0.05022366204609917
-0.019324604699199884
-0.05422307704642972
-0.030461927159312292
0.0019793817966850115
0.07485616122447274
0.21416506824472348
0.2555646807719569
0.051565370319584844
-0.015837596809315135
-0.04996163939098944
-0.025085839021795675
0.004040296445332347
0.0660038835260319
0.19676408612526966
0.2392864068539563
0.06435178257865735
-0.001815272982235253
-0.03465988223497638
-0.015069194868963182
0.01607458565493804
0.08597530089207374
0.19537487709490864
0.23878924449439512
0.08447517898834082
0.010448779949307539
-0.018808621894510765
-0.006741751530332748
0.02662183942523129
0.09566994333676823
0.16966154751058626
0.22388744161169757
0.10493235190623591
0.01575407241102511
-0.00462720541269445
0.002657725262210638
0.035962387203507175
0.09894513900557132
0.15958941137380198
0.22346664165716465
0.13366755447841885
0.041786260674921485
0.00742611184841835
0.006883247796732698
0.034303835738503534
0.09644451835423677
0.155507703214551
0.23914827281539797
0.17818245471345684
0.0652797766753731
0.017698131875469928
-0.005706078014099873
-0.0054249872831895795
-0.011488980714177813
-0.011658770792522128
-0.013787573961133628
-0.016078291947943992
-0.012190706025336997
-0.010262632193229043
-0.013556598703380865
-0.016988632459107714
-0.02086357202610709
-0.0184721549398081
-0.0189145476255958
-0.01627067924466841
-0.008807025908259991
-0.011115567176150856
-0.023147991027713134
-0.026047666668139652
-0.026808632918532527
-0.026419999948618683
-0.026063098958835008
-0.02363334914218802
-0.017396645044907493
-0.017786215729105034
-0.04467290817438444
-0.04870079081588232
-0.05042131319675812
-0.05735144095759115
-0.05328229153807501
-0.035856165766815724
-0.02545666466505818
-0.02327674109789861
-0.0756796307132338
-0.061250404703186885
-0.062051894287864624
-0.06885017430607372
-0.06728708805992482
-0.054790793046746965
-0.04878170521803049
-0.04349613115566799
-0.10227531857490563
-0.06963454453921746
-0.0704649737358035
-0.05510333368641796
-0.0492425740790331
-0.039616939471476376
-0.031723894406688415
-0.04478196421531055
-0.13479607883114117
-0.0838142351865953
-0.06363396241375376
-0.04614692744761723
-0.05564488716818226
-0.039725768333782406
-0.026945843475880124
-0.04703433808070897
-0.15739018686933642
-0.07754018363802125
-0.07366810554297815
-0.06699447324745457
-0.05794611167583629
-0.026031336888042454
-0.02271647831567783
-0.04531126175846623
-0.1630625723458117
-0.08252599488547516
-0.05570167979579485
-0.039170027648689106
-0.037614068557434904
-0.02736666926933016
-0.02484062545790219
-0.05048301737131476
-0.15526040092063986
-0.07021926326224731
-0.03483630005231334
-0.030319747853543386
-0.028384655309664494
-0.023901784066026444
-0.02945934115236556
-0.060632858388747886
-0.13930783176553846
-0.06735358534124423
-0.042847215246497636
-0.03390999008949958
-0.03079019868426489
-0.018652422516884728
-0.03719673635421402
-0.0740363311090317
-0.10442672884585324
-0.049911805803489646
-0.0393517705316652
-0.039705353689807044
-0.0507761812162968
-0.054479393152605464
-0.06297579218000518
-0.07460117714352123
-0.07508621083053088
-0.059831933120663594
-0.05334796465795778
-0.05092219104824644
-0.05157621241970719
-0.04077365607351385
-0.02324650466043584
-0.030643433664626747
-0.03142193868919364
-0.023603582187703517
-0.02000483402813748
-0.018478753224517638
-0.019176458619388236
-0.008419922727907965
-0.0006948211645522942
-0.009056236396129028
-0.01757594457558386
-0.010592308425553575
-0.008090269675334702
-0.007870823500603037
-0.005497533058115039
5.349488106886855e-05
0.003562612200217789
-0.004908106651070312
-0.01122811992905607
-0.007994643354343958
-0.0027838227697537274
0.002878090428767267
0.0046652475815887615
0.000558863624999245
-0.00020938982289159786
-0.0056244805970128535
0.026359971872805966
0.01718448953955813
0.009121963505001093
-0.0024716233407995683
-0.012109933552944624
-0.009002837602903782
-0.006819845404956989
-0.005334558365428552
0.03771476074648701
0.021171602455559636
0.007014855557220472
-0.0021517621462085043
-0.012518914468876582
-0.007702285420548598
-0.004250186555697028
-0.0018491884644172515
0.0524970908777332
0.024804425564243737
0.007245548894910623
-0.0050072724339766455
-0.014051036598941373
-0.007298078923166878
-0.002857755767112674
-0.004682733149494162
0.05713107103254324
0.021181219573158914
0.0026049244795373306
-0.010855998163900385
-0.01211840253695621
-0.0005878062667469104
0.0012793676986289533
-0.004897002427742856
0.04341391097140576
0.008679041507535812
-0.006219638290094897
-0.016895411212742326
-0.016942527554688926
-0.00827012827138789
-0.004292685310475487
-0.01084647108083946
0.017824940058918666
0.010110285586394707
-0.0017897299154816199
-0.02137231020603078
-0.019237899156780272
-0.004308658453313854
-0.0008158309074420166
-0.01467937996185502
0.0021233486025298886
0.018942308747496275
0.00781873768346859
-0.00500917838710826
-0.0060219189776092455
0.014259618457557644
0.0042516902124164245
-0.02116016319049083
-0.014527605730624355
0.01503178042420985
0.011756788940830184
-0.017846850847406504
-0.008499401699999796
0.00786777073911784
0.0006686513266490468
-0.022684223082450165
-0.01524448885314249
0.020944811382719756
0.02004234138842691
-0.002318540036222494
0.00773416709130543
0.004891743213749205
-0.01483217744916728
-0.031440938351950845
-0.0010182533327008927
0.018514275996154624
0.02028674329707976
0.008723706119969796
2.448169783073066e-05
-0.013102729737450974
-0.032167243146097105
-0.040379958899807666
0.023582240524016283
0.03907825715992263
0.0324193840429316
0.012519492096227956
0.009550616468562766
-0.0029517161998663765
-0.020333832257820855
-0.03272240180724549
0.03179769715293593
0.049157765021638135
0.044385996142574775
0.02167021870860842
0.02139266165739617
0.023343348028066573
0.00681539991740546
-0.012571892048943515
0.03754237839669982
0.0507335109676034
0.039612979104013075
0.02048215655464107
0.022302429649645517
0.03542877999519302
0.027619658901743106
0.020001476422707304
0.03217020032731019
0.03987680035119817
0.023162972978331153
0.007914544908236822
0.011207132369670192
0.03590087697063837
0.03494477167342561
0.03211218664744083
0.028645116579670005
0.027121135320470263
0.01281608837872445
0.0014014188735310652
-0.002493518660527877
0.02376108372714381
0.030949076494160434
0.029156212349476896
0.01790126907918612
0.017962431246701136
0.0010775367919420313
-0.007092239203363485
-0.014946504212493892
0.005087554441110324
0.016569512499325405
0.022688294805729065
0.006357310797004833
0.023865111180380885
0.09116775821895633
0.14125822953696993
0.11894773850129052
0.06390866543586492
0.019048349501923127
0.005983443400107691
0.0012951329609726823
0.015684722750125103
0.07917235596561603
0.13690622257200852
0.11641564946405186
0.05588077199620867
0.013262233680409238
0.003366782787725776
-0.00016329667875328175
0.015283314211873846
0.0753099761995829
0.14321588261375884
0.12632074162110407
0.04392955797045365
0.005548651024122855
-0.001267541492106334
0.0014123416669559019
0.011522807699844852
0.05969240885726692
0.14941494937414335
0.14125098469713288
0.0352382754933243
3.552456242819431e-05
-0.006714914965402087
0.00042907616069446275
0.0006079169686508283
0.04360898215543532
0.155872850398928
0.1481862728442978
0.023964766027071923
-0.005261095186012772
-0.009234409245730851
-0.003823326637748768
-0.00851768107046704
0.0346084497603857
0.17176309189336383
0.16730336307456373
0.012372812392463281
-0.0097320828657012
-0.013112042942761672
-0.012045041655080765
-0.011778237417645788
0.03279877532478262
0.18559608774024502
0.17820656611322694
0.0064158537138324315
-0.006339424155288101
-0.011390355619488073
-0.010363802157909387
-0.0005955962091051586
0.03338961102888429
0.20354424043595792
0.17287623698009824
-0.0006326287093068538
-0.007104104079494454
-0.010814521227262707
-0.007390800826219219
0.0033583919707391614
0.03030146368652258
0.2201380980084098
0.1645681257697335
0.0014756552122440572
-0.006146537310658103
-0.011355519065654393
-0.00479787910491712
0.0018491046972042425
0.031149039065499057
0.21417840194147988
0.15964676433081004
0.007263986939872889
-0.005184810165564178
-0.012352227646851894
-0.0007804131214779653
0.0008269742341232291
0.034890381289261835
0.2018973243637353
0.15397493677988097
0.013821747883869568
-0.0025609461920472463
-0.010890888956879258
0.006754733605903237
0.005183714225455486
0.04560124620971674
0.18484009557634418
0.15435350940460907
0.019881719114001127
-0.0008371725807305929
-0.004779872181676465
0.012786839467552609
0.01267176702356443
0.05548844432211314
0.16098921639754382
0.16230094756258923
0.03051057256779405
0.0034273780942867017
-0.004626760037225242
0.014484523442257455
0.01765064336816709
0.06076433060925696
0.13077051306442894
0.15526025777941724
0.03639736636886758
0.0038463244915803007
-0.003832043206991741
0.015499155217048755
0.022553568565631343
0.06846583758054801
0.11481534710584339
0.16940420626891234
0.06100222883231951
0.015040862368776735
0.0019769676954906235
0.011761580387039538
0.030324223319422042
0.07537083115910888
0.11211286446759722
0.1896832759908751
0.11021771743174277
0.033490670820413085
0.007263788685694304
-0.01241651510454747
-0.02333961132158497
-0.052492775550889964
-0.06780586666671855
-0.06702385514055709
-0.04782257388302031
-0.02156600821875703
-0.01914354965559767
-0.01975569645843062
-0.023208465795505766
-0.03799851171219713
-0.04571523881790234
-0.04242371326080589
-0.04832580975932633
-0.030148653876552602
-0.030945455650625585
-0.0422057172160743
-0.03534298179894858
-0.058221408716096504
-0.06839570794426823
-0.057473421963819486
-0.07264663138705205
-0.059591674823755644
-0.05724636252643536
-0.05867994218092397
-0.04350783272206912
-0.0944793095092248
-0.09891529886356865
-0.10383607159451058
-0.12558199873217527
-0.10209207372560429
-0.11400185706192324
-0.07642412532796221
-0.09304357611611487
-0.16813618908998684
-0.18268573706091645
-0.19582023929633016
-0.19993601714105633
-0.13008252331022763
-0.16051270440452148
-0.10370757533351722
-0.12525449435956582
-0.09116533178232286
-0.08696859966338841
-0.09481632817623267
-0.10869075247252302
-0.060782886076852186
-0.13916670987347904
-0.10334086035011936
-0.056923851086002356
0.010370261637854053
-0.01663077171785258
-0.005991837229315387
-0.017731584909508668
-0.04034575621304665
-0.10309178621334221
-0.10987727194358587
-0.012253708700105637
-0.028237347708122706
-0.005778750538158399
0.04154495348653975
-0.005985165669923653
-0.06734431433005869
-0.043745602030120366
-0.14038807653030658
-0.04577826715815685
-0.08806524668565893
-0.023842932614357343
0.046731282706417326
-0.04533801409789584
-0.1253555640902564
-0.027192661556885066
-0.1519788004001469
-0.02343473447028028
-0.06262204896357661
-0.038514417280540926
0.023570623523047576
-0.07586618857910127
-0.19221810232202843
-0.021238604182054477
-0.19216098042915783
-0.07173895364385048
-0.11123534949385076
-0.11483416036089758
-0.08041955142929191
-0.13739028560300995
-0.23038116951633264
-0.04884394938518218
-0.21605878056933128
-0.1516436173011231
-0.15270993610970876
-0.18239043873569166
-0.16914481725372396
-0.1616323092418554
-0.1975815261366714
-0.0823506650268473
-0.13526950629999948
-0.101276775494416
-0.10724062440909372
-0.16296733500285407
-0.15848446215033418
-0.1148136938338464
-0.12159896095554519
-0.069697155805024
-0.07603987797089036
-0.08172209468922946
-0.07784575147945891
-0.09876164997012167
-0.09968853863618404
-0.05893992337306853
-0.06380592962436837
-0.033572777828004545
-0.02533200694989488
-0.032230282719314135
-0.03914909506671142
-0.04630224276688154
-0.0734953490431625
-0.05946090680989705
-0.04370236061933868
-0.020581117972257954
-0.016089798099254066
-0.029159015302430404
-0.04399225101773822
-0.05375220588338161
-0.07327107604250147
-0.05986314350304574
-0.022758474652978505
-0.012030525534745557
0.00023448224479977292
-0.001112427544398798
-0.01451611772016448
-0.019885866845571868
-0.03676698998951592
-0.027273578532270804
-0.031630091732260814
-0.02433519302903832
0.01506957344189877
0.006080876133854911
-0.013803822242813518
-0.0009866114309208067
-0.0057214037131499435
0.006651797058219757
-0.0016682085853746752
-0.009654753318498969
0.05539060810515152
0.024785617366904236
0.022626669467773378
0.05018329468868403
0.03884633351892232
0.06006191849165251
0.04347220314112355
0.024721419358319716
0.12227329623972538
0.06542026336136374
0.07830444545410868
0.10642830643986638
0.09654510126124068
0.1349018363829909
0.11499805770343935
0.09034969582761962
0.25731808288568164
0.11668760268495142
0.13379094765095115
0.166865892720683
0.20543961211499387
0.23498895066878336
0.20152207527921132
0.17303649448013542
0.38263165231229934
0.16017891181487812
0.2012972187227174
0.21882340603959874
0.20778774881290404
0.22442477267337696
0.21177745996016892
0.23426731968014555
0.4386969418264215
0.2276547958265458
0.25953065742269604
0.21065428455991608
0.11727315087806944
0.14899925125576413
0.23424879518764444
0.3122533293047286
0.434425322836945
0.31599870725647317
0.28173233523968244
0.1510790521265139
0.02805083600709994
0.07005155858097321
0.2333769186367661
0.3778836158681554
0.4242490327041405
0.39413655654430263
0.251852663993232
0.08404728836733165
-0.017810425674051868
0.039251117294154064
0.22953464624877354
0.42992749646261247
0.3966846239667877
0.3798567026597656
0.16351851356554953
0.013491847638473874
-0.037655336609637866
0.01997044416796153
0.17812020119497143
0.4632419364099559
0.34335593885203974
0.2738043293302157
0.07957676955827597
-0.022448649737172227
-0.04492451539778747
-0.006518281377567227
0.1319797621890263
0.47307927684870077
0.268781213315714
0.16283388329096618
0.016883723661916154
-0.05438121021344548
-0.05316247548283405
-0.022738206216780545
0.08677814040852398
0.3852009832245122
0.15150743807943992
0.0680452685962624
0.0004523779305115207
-0.03735963897026591
-0.03894986336659778
-0.02322223500342349
0.0503542390146554
0.23429503097404072
0.05665198869103565
0.002554364596567084
-0.012032689139402834
-0.03588403460701946
-0.04122103889783362
-0.01430859956797959
0.024436668711308725
0.1173464890110382
0.004104387427159519
-0.02160549031139235
-0.025087668160944487
-0.040302163219863706
-0.04026853539423954
-0.013026186688507376
0.00860570253137792
0.04458990919858972
-0.009302690003312684
-0.03311255354731403
-0.038521317954885864
-0.04010119186709428
-0.03772528634676579
-0.01961172446956591
-0.006103630704554223
0.0075214268540830945
-0.044981416854463815
-0.07287423568534594
-0.12744806824522392
-0.14434191675096017
-0.1557960761887846
-0.1595521178680701
-0.08266439433046709
-0.04519988376526448
-0.0870740944532376
-0.09602516723050158
-0.11406250023643191
-0.09038306100270382
-0.1217340368872789
-0.14931127613078854
-0.08356134080119731
-0.0758474900691145
-0.1363036630024867
-0.13333579987856037
-0.10608656871495271
-0.023136537367474837
-0.06719380339799438
-0.09657472846098618
-0.07310237181764744
-0.09843163067103465
-0.22483106508532033
-0.1579438686991072
-0.10606571998568622
-0.07591650484594033
-0.12412464511515656
-0.1474274263988455
-0.09356416989229029
-0.1175482382232692
-0.3035534674952863
-0.14537409615704597
-0.12206632622548015
-0.05991747728435974
-0.12022125015085555
-0.16980209322492665
-0.10474170632534344
-0.10357926398566655
-0.3419359408697412
-0.21443204889582645
-0.23011904774516223
-0.195522382333784
-0.21957836266510464
-0.2187446193268282
-0.21729327140154683
-0.06864377119180445
-0.2949316598466749
-0.2789060463386507
-0.24372382478832413
-0.26379261319645325
-0.24726723210409907
-0.3530909553709901
-0.28894334753703577
-0.002338698328778959
-0.20115502236013125
-0.29357109176293944
-0.247932106603434
-0.36109005907167935
-0.34803959253139244
-0.40440468915066896
-0.28658023935489063
0.03761458571071663
-0.15592662892852288
-0.363063228743984
-0.3369714709559111
-0.4527436641764775
-0.44357241758841576
-0.35601169556857953
-0.2914582061917139
-0.002683167434826791
-0.12225776155063826
-0.4338128613918364
-0.39734199699373424
-0.4208919344670068
-0.34776315066441377
-0.18289794483069177
-0.2060591069134911
-0.11922534024140273
-0.0908924424669533
-0.4267045089899237
-0.390328774500728
-0.2987831794088494
-0.20576748218452756
-0.09976286364036872
-0.14332138774794245
-0.2765233752412135
0.017903061663507653
-0.21452791617268657
-0.245429759387806
-0.10020083507640769
-0.009688857220666569
0.06903979607252682
-0.03162794510807335
-0.2760604533677403
0.009480773964775098
-0.08659562554668618
-0.1345423748820839
-0.022126848299520392
0.02654490703057076
0.018365444810869342
-0.11243048559793863
-0.2892375460111295
-0.030297390870410713
-0.06329593231860356
-0.08636355605636316
-0.008884353455231567
-0.0030925962991529238
-0.03440732008011102
-0.10962484913402432
-0.2003953571667901
-0.04320542727239748
-0.09311482217218636
-0.11546958923712615
-0.06122737612640018
-0.079364558063951
-0.1155031930243641
-0.134006555520495
-0.12064297371080189
-0.03818990753376846
-0.08589475419936894
-0.15138652184389587
-0.14814508481568603
-0.17177658693201434
-0.1673403490057782
-0.1126180110343708
-0.05396205395256296
0.013207131991848853
0.04548831771794572
0.07499978901327105
0.09624490613981895
0.10099997661500869
0.0887331561484971
0.05397773978332787
0.012278850535503977
0.031262443314991735
0.05972757910731945
0.07208165822079206
0.05041760788580713
0.031673404539829884
0.05495383546574928
0.08457692341480522
0.04347574098815462
0.040376488647583364
0.06150899249188418
0.06162636945225023
0.023893223637629732
0.011967919119863744
0.028205883500032957
0.08908986537671854
0.0687141131350635
0.037579087178934927
0.07085432330789186
0.0676977987756745
0.01929863489555526
0.008113051075055227
0.014379107603081271
0.06790342927988949
0.08548765928008147
0.019958523110991912
0.07047577306345075
0.05852351534983633
0.005845341632633833
-0.006918090855412965
0.01721522056824516
0.049576998181604305
0.08133531922864817
0.008648027817872307
0.07856115908370541
0.05751078843430111
0.022445981476227787
0.007388207779593049
0.03499513678167925
0.0493345288671176
0.05926507528894648
-0.0016435305312835272
0.06749086560692397
0.0630164933409165
0.045429738077419755
0.02598366589009346
0.04716196311326866
0.03818749330843788
0.02963418734552247
-0.00363063455039914
0.0671519517597219
0.07144218275119808
0.038816223247461555
0.03594348211223873
0.04025811898177214
0.010965011267734432
-0.0016604350880461479
-0.003308435868219716
0.07316406984611623
0.07029825366632392
0.030751429331603772
0.02688175854333228
0.010519424445623326
-0.012334954559974255
-0.01929400165450613
-0.0019125610137024026
0.06709346116380102
0.05822216483769059
0.01627465771268559
0.012219546700431811
-0.004144512326239466
-0.022370633224989427
-0.028609879890533745
0.0010184183160562377
0.05082450701122732
0.04611339066596138
0.005832112145372602
-0.003314492281986939
-0.01744041893908993
-0.02778170918537564
-0.032997882955284275
0.007408436088380526
0.03959806676502228
0.037808886051463465
0.006637363807799846
-0.0005298081769191669
-0.012527881445484982
-0.019043459555079675
-0.03081376985838031
0.014194418011539431
0.04414115848658849
0.04828890753608992
0.024931787860890214
0.009538410231161492
-0.005942064447727667
-0.014603161935666421
-0.02514930947175168
0.014810203932901106
0.03385799614054742
0.04727725806742912
0.025813849063234463
0.005930657858525335
-0.008235926105934235
-0.01221640972773053
-0.015914229474677577
0.017624723583984134
0.02874758141075107
0.04598414194813124
0.028981167504086733
0.009084459755658783
-0.0008594484890765085
-0.007694115371924524
-0.009671209654375438
0.014209316721860333
0.02097257698166398
0.03226358550598387
0.016672438919115205
0.003142819929927245
-0.003759191265428194
-0.00835312067234072
-0.006658066397661283
-0.008100688557313739
-0.01205206326306409
0.0019963662200965923
-0.02102019957896416
-0.023879024538183583
-0.01136433467852748
-0.013876512665291312
-0.010956713464288129
-0.006730256191207383
-0.003801194142340714
0.010038885887954159
-0.022467458285975545
-0.012035578061195422
0.0023123524031227714
-0.008775352353260813
-0.020166493930820747
-0.001918022601440041
-0.0008072704926666376
0.00025799535258766947
-0.0333352411154499
-0.015003305195004667
-0.004694560721835753
-0.02016677490401716
-0.02731322338827765
-0.0026198488059621956
-0.016097270934286135
-0.01571795017770357
-0.04822875553379751
-0.026135467082608096
-0.012240373431873529
-0.028486244380523076
-0.041856730802714424
-0.022249037859531345
-0.03515147581714653
-0.03004829817521921
-0.056427484833506174
-0.03712589003483898
-0.030069338499931163
-0.0339608937261836
-0.046117936527556226
-0.046360543939514505
-0.04648354436069069
-0.03281184936587959
-0.0397442363046773
-0.03316467194268026
-0.026822315188726933
-0.039680339568618765
-0.04097544315683833
-0.05544123612299845
-0.046109197006355455
-0.03854006807361263
-0.04370213962593967
-0.05409428191315644
-0.03297837823101159
-0.0409355670452321
-0.04060507385810926
-0.07238891050106956
-0.06389679773766808
-0.04757118547355763
-0.04426011419449259
-0.058567693456312506
-0.03143228952532762
-0.03221731048827445
-0.036762575487323874
-0.07473893828738447
-0.06176243905171571
-0.049553457473673866
-0.04401771042506722
-0.05509607090270229
-0.020216883488492148
-0.022730463428655034
-0.04189413344841367
-0.0760037683439535
-0.060346148194854426
-0.03526361585932771
-0.027141822662227894
-0.0411364959422302
-0.02006761713957404
-0.021109619319790336
-0.042676170070294596
-0.06582589017454207
-0.06232561320635086
-0.04323615250751264
-0.03921578252878616
-0.05767684110007104
-0.022651325496034713
-0.03117066728527529
-0.043432452582695645
-0.055788397094667194
-0.05239728684900828
-0.03218458122713403
-0.04147995864417692
-0.0658417255054254
-0.035766378841809915
-0.04390950065085061
-0.03593451437598661
-0.048524181998636604
-0.06062931613117766
-0.049606468302382814
-0.05837256714562729
-0.053580170180724716
-0.028335531101898372
-0.03427087687792525
-0.011427338360799719
-0.023180461978663816
-0.03587361831639808
-0.044713590836782544
-0.0524881790718625
-0.037622048171552354
-0.020094798060868058
-0.021340819817643335
-0.005705941146115987
-0.015081965473358884
-0.029203826792328507
-0.035022820168683674
-0.04315436081019343
-0.03758056935269792
-0.011572798740220132
-0.015629760839712258
-0.005228574958256521
-0.009677038109699498
-0.02225269489954612
-0.020956597097454496
-0.025380839604433967
-0.03632579782689521
-0.01318163571958599
-0.01240925552290692
-0.004837829377527468
0.0023263943326154494
-0.0030951053872154185
-0.017477077979815788
-0.03335784080856453
-0.018719064075391624
-0.008421939947718605
0.012813619495842282
0.02817906257962558
0.004432416957003398
-0.004753907625396067
-0.011151870220576928
-0.013589009780672187
-0.001132216949581102
-0.0054130750580003145
-0.01179914802424704
0.007828516393134284
0.029631209767033366
-0.0005224351982351021
-0.029415022466611054
-0.03386540017642235
0.0017922189124025092
0.004994735768534775
0.000464465358342922
0.0012211418474210964
0.04591938946950605
-0.007860109139387674
-0.02990883338532954
-0.04278292652903595
-0.013297976282458112
-0.030900878805909096
-0.026238115739158414
0.005498704277787337
0.0941097540566988
0.015017023014453752
0.013753965688142071
0.02119628934691294
0.034333069710068095
0.012894630747447665
0.004983140677385467
0.01862958708269087
0.11872608144992419
0.027180317893176664
0.03044785911111304
0.015910355600775555
-0.025036846346884297
-0.03029722909942518
-0.029137773808468517
-0.029810532926358498
0.12301008750437491
0.06137434523271165
0.018838515833841753
-0.04096748404583564
-0.08510465188321853
-0.05495152507187855
-0.05728514936373655
-0.06692928691055806
0.1017391562411165
0.0835559851363163
-0.0023223460416763393
-0.06663518582869578
-0.07177541080485535
-0.05130139206799091
-0.05090975608915853
-0.08212847292436405
0.0643148075405539
0.08035157041979414
-0.0022908898182088487
-0.06584486965980221
-0.047713233520627216
-0.04804566668997884
-0.047268203915641585
-0.08871055533460369
0.035441764920622336
0.07083614388361134
0.009553968585206497
-0.045843535107083604
-0.023994682487180737
-0.02564034293984109
-0.03478303295557651
-0.08488374236472511
0.016729717361520232
0.05091341405125887
0.033271035798374184
-0.05421117090783285
-0.0269304582570468
-0.025508761087700112
-0.03927030176131299
-0.08651382508048427
0.005635630033677225
0.013159834273309124
-0.009447724352652325
-0.0849392252620714
-0.06391265389842232
-0.04604002360917192
-0.05682256903510586
-0.09709736770263662
0.00413346723432937
-0.0173282034126714
-0.07542464167642532
-0.12387690970559291
-0.08814885433967533
-0.06628817190642
-0.09010702540506016
-0.07972364462098107
-0.0005736967787652023
0.004898424013385846
-0.05359818074171967
-0.11244744222515238
-0.09891981812315151
-0.08880132725950804
-0.07784994046648068
-0.044745939193592994
-0.003987000200605574
-0.01140462592950608
-0.046323351797285806
-0.07021530044853362
-0.035167460190341004
-0.02383130172400234
-0.020632759544992895
-0.01896019196799741
0.0011756424047192895
-0.011852823808734423
-0.034814711862747386
-0.05638597743053629
-0.030029866916695572
-0.01646575615284028
-0.008442420389503146
-0.0092927186922869
-0.008378532478575866
-0.022837456345367557
-0.04190276889492791
-0.011569307127866198
-0.006125481555826297
-0.00811079679295237
-0.0057236603121901776
0.000760514729468499
-0.012973256687787742
-0.019743495636243318
-0.0358427961199143
-0.008632098918904964
-0.006591074612792421
-0.011071624958414506
-0.0210683160942184
-0.012311652437266786
-0.021633878883650884
-0.01215930823197431
-0.03555160263121792
-0.030882053629398852
-0.03701095365860311
-0.03878093701323661
-0.04141525124861876
-0.012041628013025846
-0.004427811451741685
0.020330993482057868
-0.029371276492291265
-0.03523884879284376
-0.033365800398483185
-0.031602687132210455
-0.04946020788298604
-0.025160090588638596
0.01624398866806943
0.018193462231202176
-0.04085165375019516
-0.048163493880286096
-0.046907520871559694
-0.03943065342403536
-0.06423093859176002
-0.057389770430787614
0.008287911429849176
0.012635809542898776
-0.04159613851570911
-0.056444923559931845
-0.050430443786627574
-0.04850947138332608
-0.07126015805179824
-0.07451737324276363
-0.03456236014075236
-0.01910466545464815
-0.02429439329941882
-0.0424718722443041
-0.03529781039195568
-0.03963472685051648
-0.07977198791345214
-0.07655550087181616
-0.09956524052002014
-0.06128924847393319
-0.006872871199051282
0.005569974105689563
0.01575713332184781
-0.004198565090042002
-0.03783106735319221
-0.04662151000326863
-0.13503835064129655
-0.06463369672160216
-0.01247221292593718
-0.015196694904280036
0.023725432458200503
0.036915076288867
0.03492480788399511
0.0014176804712832255
-0.1521494394685402
-0.06658491993909917
-0.034265239020213105
-0.04099717557170156
-0.022437390551709728
0.0015761686622531323
0.03952486535557044
0.037645166040828494
-0.13928849327752113
-0.05219610171823464
-0.04263859575171212
-0.04068187942290782
-0.024086436315860434
0.005969149539685838
0.04189804080410438
0.0555767188705078
-0.10807688158745794
-0.04100190713236798
-0.024414145698095673
-0.006474435867848926
-0.001809089051647062
0.018114708954155345
0.04186851162221109
0.03610118247257986
-0.058147543057153195
-0.013200568341338837
-0.011124536437750852
0.007506292711159248
0.001132327390183401
0.009541284429903476
0.02176597305337762
-0.007940391022348559
-0.042782519249985065
-0.02732599324977805
-0.014379593579613872
0.012943623359519454
0.0009402930132766798
0.005715954463779954
-0.002403212071878843
-0.026701732839971293
-0.0174406694151198
-0.02282987363306999
-0.02413858697738854
-0.017383853597394805
-0.031879628234092
-0.03379837696234023
-0.03354562885815809
-0.019480227310274937
-0.002119310558122573
-0.005804438830913612
-0.014929957152809977
-0.02438782590236068
-0.04093630376353121
-0.04860731154632336
-0.03165317178752227
-0.010553146803869531
0.00106590312080113
0.00637137034563944
0.0063298333163864596
-0.010572404947345878
0.008418354845302761
0.015237163744586814
0.0033105179758525713
0.0004968688547022403
-0.00505107720978125
-0.0032175925918522413
0.005269750102779826
-0.006193756290899994
0.007530567773124829
0.008422291295970238
-0.002191031373252426
-0.014681731443225597
-0.018352659815555176
-0.017280940512497782
0.00695656301382776
-0.01854284048030639
-0.011241408646408949
-0.014448053731904083
-0.02747912794707269
-0.042547266178207324
-0.0367391546069319
-0.03528254786262385
-0.018478581759733652
-0.04427626840076926
-0.0023688285782836652
0.011124660743584975
-0.022585217841353554
-0.06152857064819337
-0.05254712642038211
-0.057009400872539646
-0.04426044204082178
-0.03231542080761666
0.004238511633271399
0.019124729381089355
-0.016879268833312266
-0.06528233978658708
-0.09710712865578143
-0.1004399448539696
-0.02960452503375081
0.011696241485918229
0.03870193573083334
0.041282454369863386
0.013174044145799951
-0.05002452122681413
-0.11703014392862353
-0.07299781100333806
0.017981205174497243
0.03630166866344562
0.06939675809126632
0.05944228955768279
0.030148665779254832
-0.03405588904326842
-0.1335738752890214
-0.039899423399471556
0.03326485684016134
0.05041138434316502
0.059189306905897084
0.041771440813793824
0.007890085719456427
-0.0438704575533272
-0.1403421285118245
-0.00850212911751807
0.038929199434736834
0.05478756999605825
0.0811890024220885
0.05182307077802792
0.0012259350285158566
-0.04627262262193447
-0.1633200733599223
-0.028656881041252052
0.022364661156314986
0.03638072624078255
0.07843508080377015
0.039417300340217676
-0.022943990415720483
-0.06731893674809128
-0.17094396668940506
-0.05744738140605418
0.002499933725200372
0.017480706360145697
0.04517575965203614
0.015230988654786401
-0.049561749388568964
-0.08468046412165667
-0.1513616958287273
-0.09028238039684043
-0.02096217449013773
0.004960690417129211
0.022532242592283692
0.0011729602544624344
-0.055391937202965834
-0.08075226392761221
-0.09496797492822641
-0.08280666895852883
-0.02698544490715285
-0.01350996752291471
-0.018283247155945773
-0.021831777203189563
-0.04264608946522475
-0.03575109640298923
-0.055522640448205346
-0.06312352106662175
-0.031031817196854314
-0.02074905839212606
-0.0145202984553836
0.022230185157276067
0.0007809887620781488
-0.011594804005174939
-0.025118103171213137
-0.024718566496893853
-0.018180655746986206
-0.002086179916202224
0.0022462058036246185
0.03370356730526119
0.011169061809997357
0.001923462449346343
-0.008975668195807212
-0.011249989335670885
-0.008526978496101314
0.0022332183321810955
-0.002039072958588554
0.03538668747968193
0.025188344364491362
0.008410743032522183
-0.00843632461492635
-0.012961088070324065
-0.02433902524937379
-0.03023180882002377
-0.03910891775409575
-0.03446658954333134
-0.010317482901406841
0.003092268110598606
-0.0026895793879818603
-0.016056268179796863
-0.023329102967483535
-0.024893014820934926
-0.03433127832770036
-0.03045819310649208
-0.014577461323469813
0.008892553616568976
0.03181936873775474
-0.007649660916606704
-0.02810805973179322
-0.03239147359826452
-0.04078202736868276
-0.031985332903750816
-0.01099985740588891
0.04356434026147959
0.07827504723603626
0.0005696612139830255
-0.024020392971081297
-0.03711522317615662
-0.044060458320362206
-0.017387150130864847
0.011086224402866043
0.09123413206441543
0.16329850236369892
0.0069118946503706445
-0.037020413507958205
-0.047267448027940966
-0.026433127098060897
0.016026861192807922
0.03265098053800413
0.13585878302176277
0.24322163187274107
0.014594907979928544
-0.035572954478471114
-0.03432958442584622
-0.0026944080077696106
0.033333044593371365
0.05244075194753082
0.17590087117410164
0.28173333353635893
0.00029857651988661346
-0.044949313938038735
-0.031958203675846786
0.02198973622926973
0.0693883334924675
0.07588495135003308
0.17876699797302095
0.28594063491895333
-0.005359698140097477
-0.04752526942349662
-0.04200483299935164
0.03007927509959169
0.08240220617642549
0.08503739255885391
0.16095720405791641
0.2867372510882941
0.026536143618511122
-0.03904425605272266
-0.0074837062957105495
0.07133506353111754
0.12242533934358647
0.12119234257675103
0.14709207801829213
0.25826104327379273
0.06509242430728379
-0.0060427349816816285
0.034243059461419305
0.08791824018950553
0.11605498702089094
0.14313297254830518
0.135365837593377
0.2023999146945147
0.09469977761254367
0.055752493930908836
0.07262525907926194
0.09201562185834702
0.1009289735120589
0.15457188236719877
0.12644054079035866
0.12952636271450238
0.08576591314989503
0.08349831797023508
0.07664450127018123
0.08268422174734277
0.06206933700255891
0.09967508847442219
0.07892221073842388
0.05549902480683944
0.0532493367234678
0.05366092909138184
0.043064903142054044
0.044760900246548024
0.02662092731270759
0.04705197837585375
0.04257127865324198
0.003323217928976785
0.01678476683176258
0.024880149759590707
0.016576690246232383
0.0063262233271940815
-0.015636748852080246
-0.002484167136311437
0.01027975407437723
-0.01553764770195879
-0.01771818380727971
-0.010566270455414311
-0.018942395273631472
-0.019618711428884886
-0.02794993659557307
-0.013837811006584372
-0.0031441228558997656
-0.010669078629197247
-0.022286428217967093
-0.02528323255630285
-0.03010850878740058
-0.020332134605270766
-0.026443024945001455
-0.01966923922239831
-0.009977476642645965
-0.008795245837546114
-0.018940475368714356
-0.0414903441808956
-0.08975522918293961
-0.08592426844542317
-0.05172065702696539
-0.03283672542295316
-0.010065489303619137
-0.010295663888174511
-0.029572658841027406
-0.05680754747839215
-0.09360584867347323
-0.07861758486503859
-0.06138846702597817
-0.04312681328362227
-0.010352383265265115
-0.014686046626026796
-0.04000409278562636
-0.07195394716652262
-0.11947841970562996
-0.10185357596805726
-0.08301761616027599
-0.05527447684352883
-0.018932123176342023
-0.022533029001915412
-0.07109829805782863
-0.09602179982255629
-0.11997305561360785
-0.08480644660560269
-0.0593291489407549
-0.03326968645587925
-0.03322726488579162
-0.06365955454738566
-0.13095924442325782
-0.13072743185009622
-0.1334901659825645
-0.1034071903165166
-0.05897645005429163
-0.024580757927163292
-0.051930425801660504
-0.11785892878061927
-0.1031686038746698
-0.06322363985542093
-0.0695397951732462
-0.0923856655687088
-0.04888581366237452
-0.0165506666205501
-0.07521335600446352
-0.16157808769670529
-0.04928425535382971
-0.05264096573397459
-0.08180907288606079
-0.12689080812290202
-0.062353538429475316
-0.017394422541518198
-0.08340193891657098
-0.1897800647889502
-0.010389405963955194
-0.04194581446232693
-0.08397718019448543
-0.12407078746667421
-0.03545327925552933
-0.010353509574589735
-0.07735126971122083
-0.20705446895674612
-0.028148222220141503
-0.04991917073610134
-0.08061008732472268
-0.11660347591214304
-0.03159527749338938
-0.009712668525168297
-0.08303508225641335
-0.20134834870875096
-0.0275138820707993
-0.036660844882649944
-0.0692393816159474
-0.10990722812459126
-0.021346734967753113
-0.017552750309218722
-0.09254017815138198
-0.17914790193544425
-0.061670503576723504
-0.0326916170880047
-0.044316497650226
-0.10099465108336717
-0.039909307604604705
-0.057984720492066336
-0.09675135506388066
-0.13936785754652053
-0.09579820882834295
-0.07420170917148512
-0.09860062765227783
-0.13824418206073746
-0.08801424006069736
-0.08318888512258346
-0.06828149172241908
-0.08724843152333923
-0.09470568148810947
-0.07944061957078362
-0.09472736904171203
-0.1016931035005217
-0.04254530816869627
-0.03083235387887688
-0.030991970801853203
-0.04820540645915324
-0.06733267188887362
-0.07331852927046088
-0.08113237345289974
-0.09385591969641102
-0.0344508911068777
-0.02966940165185495
-0.03130155472459915
-0.027493642698040464
-0.04439086969824914
-0.05740322756269164
-0.07150628713475934
-0.09962826601712922
-0.0388637371405179
-0.026515120456183768
-0.017304988415353866
-0.013483315723298372
-0.026468957798469864
-0.04050898366993667
-0.064379538589616
-0.08849358713811531
-0.029055333852405035
-0.015469001707766857
-0.01193895446652086
-0.00548466015877884
-0.009333228972590316
-0.019821870977282666
-0.024261875222250703
-0.028759141956705477
-0.024786668580298918
-0.01805315289034904
-0.016718335934055736
-0.008383448111407453
-0.012761442035452668
-0.021942250625235804
-0.02456523077842265
-0.030547136495358663
-0.028375543742034978
-0.029137495451733785
-0.025912228471360918
-0.015395809111975207
-0.017364302801372907
-0.036244167949204736
-0.052006198914981025
-0.05882251112486513
-0.05594383288807267
-0.04588369437540987
-0.038181261856422954
-0.027585686828260503
-0.029256839661649256
-0.062264325147535216
-0.06248496906680132
-0.05392381485436981
-0.05493280971862158
-0.04009304412119485
-0.042795877844045024
-0.053239908599935826
-0.07406653930838233
-0.09140271520366762
-0.06661446038551104
-0.0834643089748684
-0.08192799481002631
-0.04625640266218613
-0.04204522661997246
-0.0784517265831257
-0.0864111563712729
-0.05964566428208359
-0.038479777484075744
-0.0817642988568643
-0.06906252689685059
-0.0397177351802024
-0.031738861752699445
-0.0821637594549696
-0.05674825199407744
-0.042483025454416144
-0.025313544244775308
-0.0652501913176741
-0.052434842650799125
-0.043037032371884214
-0.024318348547635357
-0.08392020553486418
-0.03938017647325313
-0.04026746091385244
-0.0032300444038155414
-0.03644219077158115
-0.047009432135523506
-0.05530407311177994
-0.032193341557508415
-0.0907800749999355
-0.02897177603801919
-0.01718366020814424
0.014403813426111446
-0.025520009886616866
-0.04728648674962703
-0.05285326147692999
-0.04711530507169494
-0.0947279047588963
-0.02413030658690625
-0.0007913263612638805
0.008059138019673728
-0.022519349518816078
-0.035371097968273854
-0.038053038836705876
-0.05935060060416733
-0.09803741935723725
-0.06391018604299907
-0.03685037393504021
-0.038118314684431436
-0.038616389284852094
-0.028486752678911986
-0.05856382441327998
-0.08633504109395665
-0.08954819786031365
-0.08346915504503119
-0.05966875898555736
-0.06947029492409401
-0.05253041301268488
-0.04828496634373864
-0.06429424527649583
-0.08233268538578908
-0.07954680112064678
-0.07849621427141422
-0.06152980125623055
-0.06598701231021337
-0.04678274342823135
-0.05314060411046896
-0.05947459124141873
-0.06109612368489078
-0.05433781245497585
-0.051377013207275266
-0.044799586587241126
-0.043114828275044106
-0.041420224129547496
-0.052580650381414754
-0.04782922914728227
-0.030398521672974434
-0.04058843985267564
-0.04061580323272204
-0.03309730806216588
-0.03122119379061741
-0.0377402026106251
-0.04103166599856791
-0.02808746553115226
-0.013594154648311142
-0.025122436336496006
-0.03528412081529958
-0.03355798008031137
-0.03314294350107058
-0.02899864631795447
-0.024723855833599463
-0.015743662327067743
-0.0061901973004706776
-0.001737002531925327
-0.004335216799619604
-0.007628321100463212
-0.01333417655945867
-0.013862726220804823
-0.012489406045623099
-0.009798547073286076
-0.005117030062658551
-0.001356164903365773
-0.006679116467095258
-0.011039714912998802
-0.011602880034280604
-0.011537004346490689
-0.007695816232301418
-0.005453019883177359
-0.0018561302400988153
0.00048129620701595465
-0.007308362909893897
-0.012418011066920151
-0.01400261171498071
-0.017403333740229898
-0.006734681543607315
-0.0027783043931551127
0.0027045219889362923
0.0022808998757071
-0.005995418337868432
-0.018746568597190597
-0.018895556867662904
-0.026003746970809666
-0.007196768507898543
-0.00047424915491032897
0.0018351563119509552
4.722902538606153e-05
-0.009178372326839872
-0.019471339015707887
-0.023260011305605868
-0.017034268818188907
0.009458319070651656
0.0097902722952589
-0.003730578968408497
-0.009120375434349544
-0.015277577273645912
-0.005063811725592647
-0.012863270519870329
0.005308340117366526
0.012240305772464793
0.002860105597315338
-0.013322026564017986
-0.03667140709012939
-0.020038301559896894
0.012902103462056048
0.008057194839085726
0.016092335371533654
0.009264195967945409
-0.007468506266592836
-0.018837040905648254
-0.04742474656376398
-0.01783911427611941
0.016710864301963325
0.02038497039743753
0.016031879856124902
0.0018097458531809154
-0.013589476966798329
-0.01785996936709895
-0.047701392334671015
-0.021031858096081373
0.007491809570728811
0.01273450249471619
0.007685062548612257
-0.0030290418199664577
-0.008315041887796288
-0.014939685647505167
-0.039528445078408234
-0.012692703751580625
0.011333981256043256
-0.0061707156966890366
0.000746121141464609
0.005786833914723135
0.0012413619458161512
-0.013848380489662814
-0.019383223750638886
-0.0016236532554170342
-0.0027544252675198977
-0.020200459672866135
-0.009315224078984809
0.0008284826252577762
0.004614673490015692
-0.007388811580292185
-0.008030902258444056
-0.0019640172654015026
-0.01646851647735574
-0.020845354601031842
-0.015365872544456718
-0.014691468767295561
-0.008786186202746904
-0.0065858015932469
-0.004471298404777497
-0.011494392113454911
-0.021536670148912734
-0.024654644692215438
-0.026600551794823908
-0.018790000406572582
-0.013554789800709812
-0.006655462690432085
-0.00415731049230196
-0.0146337750402729
-0.016451260754549377
-0.015874358028862015
-0.01862157035974873
-0.009389913211090376
-0.007040910733946496
-0.0026865668873249783
-0.00624225794049495
-0.009827289766749975
-0.010745761348143873
-0.010913110285942693
-0.013404888521434103
-0.008067757058136952
-0.005803787252068285
-0.0013070468578740627
-0.004027010339753299
-0.007321586289300075
-0.009654137884876105
-0.012697547687766498
-0.013923693901476028
-0.008671897909057223
-0.005727223529578041
-0.003773688467076549
0.020542651922269436
0.020547098274295312
-0.00647430165470447
-0.028306627026119722
-0.03004013175882282
-0.012437378620255827
0.020543968311403496
0.030892767381808885
0.025391247452979823
0.03079328325630214
0.014918389160692798
-0.008501634789689773
-0.0015016081393573698
0.016883063228609888
0.03882847237009291
0.04808989366255963
0.019216228640041997
0.026398265755710856
0.029042888166057736
0.011745637320156375
0.010142504072402473
0.031223192225009452
0.05573309652716146
0.050268200402575375
0.016181041581720807
0.014902608944710825
0.026718938570114988
0.03793917762378338
0.030077561950151745
0.04391399469074208
0.06671754430179118
0.040268863814780495
-0.0006215077585100729
-0.00396418369448545
0.02517918823700668
0.03692786042806595
0.034314276314417594
0.054772969179180224
0.0552930854716342
0.022733312952299075
-0.031767370102066275
-0.008658110409322548
0.02191461276535807
0.01634848128880339
0.0324577608507046
0.056467550746565
0.026130281386301128
0.012532802592821161
-0.05206499307348441
-0.015470988642180092
-0.008110726166482396
0.0053165537490966345
0.04175692769526619
0.04301301374938601
0.011001251587282258
0.009082353167718254
-0.06579530556470786
-0.021147183674960088
-0.018043532631815365
0.023752094506331697
0.05160766345537667
0.01795136863680106
0.0005974285136856718
-0.003165336940796748
-0.06726086779117611
-0.030087704182674445
-0.009938465663233633
0.025329639361237194
0.03223847658814862
0.0035023593712287084
-0.00377339845799925
-0.01147892251210136
-0.06054710947624083
-0.029386446789731905
0.007382922327067266
0.012959010781649198
0.01219840527581016
-0.008134334927433144
-0.002413707988203585
-0.019327772639482176
-0.04382021784862608
-0.0016433249989637143
0.01256931515095317
0.0008333897368517512
0.01189240083830758
0.00177772024816376
0.005929052420325571
-0.02067453210538266
-0.02415442865590621
0.020831981462063203
0.019518575599661813
0.010798185993361091
0.0169342171817768
0.003998166680147093
0.006918994622953292
-0.0130042794812323
0.008202457324928468
0.031278544487505555
0.01576293394059697
0.008997873667519323
0.01210449870970317
0.0004468423299951909
0.0022343228754262735
-0.00797506228003949
0.02211422322268859
0.02721857670910837
0.016017640593667597
0.0028256115651446667
0.012072038367819294
0.0037251747094865493
0.0027942245917918114
-0.0047496997073054464
0.024397100558135446
0.022681234614105813
0.014203521147142502
-0.004214829545123482
0.005999294755551098
-0.007871450171188388
-0.0059293808091919415
-0.004426721551005565
0.019018530741820864
0.02320475994587044
0.01720024104600536
-0.0006578910416572678
-0.006851836846771907
-0.015089065013700406
-0.0015359939551603447
-0.004004046958302434
0.00017351148896596583
-0.002092612816073826
-0.01418859199029535
-0.020513465958972268
-0.020383447822018858
-0.0060540394797648
-0.0032480992604487116
-0.0015810074817209263
0.001982469128019597
0.0012944328064358461
-0.010068319742260473
-0.013390262041683549
-0.013743622989907325
-0.0007996013055557341
0.0007835237293055313
0.0005008599845135144
0.007002823735249303
0.011294279294861034
0.0021831311206982067
-0.002605718535327938
0.0022809608855304474
0.01148102446926317
0.009425111844398181
0.004962788682440595
0.022327185391426668
0.024193394258241768
0.014847076576962742
0.008328553284429014
0.020966244043236805
0.025039343377667778
0.02046682846844841
0.010733358160594769
0.05221694786184665
0.04886210504910015
0.03846681618874143
0.03325595713943602
0.04819066002783016
0.05490891676482592
0.03178840352046049
0.012675792340246196
0.03008493206435898
0.01871333454966855
0.007837297353213573
0.022984196952945103
0.052397011283047225
0.07283311598435714
0.03634496556076183
0.006821849474918159
0.0009011708787636779
9.749057299292698e-05
-0.004851702211806455
0.025207916407055633
0.08133071651090895
0.0803266171727747
0.028734125507441543
0.001922586807807018
0.004312266327907733
0.018366009311824895
0.02446716248306027
0.050233655535903025
0.08752070096289004
0.06257695767184125
0.024850200280694693
-0.0015331183110476876
-0.005615914125176577
0.02209555122265087
0.04978800939540321
0.055510311109957626
0.04532002957750658
0.020448040417312643
0.001795095012611852
-0.01336957537620905
-0.013059936695339348
0.03463053479363426
0.06933627894421646
0.03615681384671881
0.015236868105158672
0.011846102167349519
0.004221268780185819
-0.0046406262581090655
0.004971838559126451
0.05610636974403923
0.07297725139506325
0.02935626676652027
0.010794654912802227
0.025584068833357072
0.02582349426009353
0.027594419210526615
0.011249257950431465
0.04439468582388565
0.059661617877261534
0.03421726773828207
0.02140850471180466
0.03868451390033574
0.04734303497859044
0.04411576660713344
0.011529467874411314
0.02270650814304946
0.026462515445707224
0.010681794244982527
-0.005987678292692233
0.01954276351864539
0.030081386693998326
0.022840278357344063
0.005152660899564369
0.009284286571313013
0.012213318858429942
0.0017528651582035236
-0.017293935753550878
0.0018677518710593095
0.008875176648698533
0.004866815633351874
0.0012452643874567907
0.0016866129731886493
0.0024603993567910705
-0.009060519468473353
-0.028073366513650406
-0.014993995105391811
-0.0048777250917036545
0.00043052995729997353
-0.0007206528670501744
-0.0016968982979087418
-0.0016879825724123302
-0.007702276122126981
-0.025576513922986398
-0.019612192215238924
-0.006656090099500887
0.000468052437297981
-0.014332924278826388
-0.02826985601976779
-0.0408028942767331
-0.06717470591307395
-0.08981771383229366
-0.05696609272963437
-0.04212033876988136
-0.021395450029109277
-0.018908077976422053
-0.032817383124013964
-0.048098780209724884
-0.05877616931544823
-0.0753405449560885
-0.06635636506013559
-0.06584553428921792
-0.0385150482472023
-0.039497456253308943
-0.055782494604970846
-0.08313203255855027
-0.08806370732229785
-0.13816481696380037
-0.12222500883921963
-0.11702553078181352
-0.08909202513054518
-0.06753643275405657
-0.10979726522617819
-0.12916193163669848
-0.13682669903597586
-0.21985491290595544
-0.19521055271384916
-0.17936451619687818
-0.11527003731980867
-0.11954488746398961
-0.1424085215157194
-0.12934119278156758
-0.21556184902033645
-0.23877788294254357
-0.1941871018182879
-0.18801920078123158
-0.12251471061328252
-0.14409479863268848
-0.12389850106982452
-0.18397088120356037
-0.23797432967373527
-0.18441062829228447
-0.21778835246246012
-0.1960016119403706
-0.11388947002949797
-0.1967006433146322
-0.16514768001013563
-0.22515593424178765
-0.23155641292224094
-0.19893072229040396
-0.2375841539629482
-0.16799956325540272
-0.11056992493660418
-0.2462521967808246
-0.1911738553457179
-0.20466680651763847
-0.23605332180071711
-0.26246449493348883
-0.21648383440386912
-0.12337524395639701
-0.10246456438667398
-0.2831686979634678
-0.1804475601352939
-0.19296800623510188
-0.2146532061588801
-0.22653388316933065
-0.16529151723794336
-0.10396846026904072
-0.10089744126825473
-0.26127026917280266
-0.12756218671795055
-0.16670778088702978
-0.1618978266973456
-0.18357569510611896
-0.1621297714090881
-0.09802141172210023
-0.11362978258641344
-0.2412922330503675
-0.13744261916595477
-0.1616317026677806
-0.17870105698236521
-0.16389498137491137
-0.15620352943604018
-0.11491975843655587
-0.12405442028929313
-0.21653483172457233
-0.15638647377453138
-0.14532452901495818
-0.1767935695945021
-0.13704766690768969
-0.13622012687107013
-0.12712648866881257
-0.14145283260280495
-0.1669371958488182
-0.16994897563057865
-0.167595410055156
-0.18621742716400286
-0.14983972933675316
-0.13581379457167944
-0.11386613230358907
-0.10515197824154347
-0.0841741843916067
-0.10637607565512859
-0.1325613030263093
-0.15866870377205286
-0.13771303053808148
-0.11319596006820255
-0.08550478568403018
-0.05242187086990037
-0.03309252018882088
-0.04287603402267055
-0.060863275883789966
-0.08677383293684057
-0.07118899647870715
-0.03648548816851256
-0.031601494224253165
-0.018110139000391136
-0.019626442238394343
-0.040382740164293635
-0.06617756660957778
-0.07979857262982748
-0.06991514934710646
-0.030412957711040918
-0.02033151765719267
-0.010028416904853935
0.01630585913120372
-0.0034461331258683284
-0.0032066522958466414
-0.011550552708875114
-0.004418099931864583
-0.008282313679786546
-0.0024247481574393003
-0.0029791286861967706
-0.0053365296824140875
-0.003372699939962365
-0.0027960916849403437
0.005657503841074755
-0.004844916097003019
-0.014362808498638104
-0.003276404688163519
-0.006426269823844082
0.007844931732083522
-0.011385914197046085
-0.009904491480988629
-0.006981655694868647
-0.007997811732470652
-0.009333998199635579
-0.002456008369900726
-0.0033668785876477423
-0.002832095433923666
0.088934316656411
-0.002862562313554665
0.012424229663223464
-0.0016596825864421039
0.06922413662191346
-0.0034550890539095653
-0.004613595644634998
-0.002612521482491801
0.06067595171070729
-0.0038449545003127112
-0.002552754429659071
0.0187430905077518
-0.010716333076360031
0.03759256690010523
-0.02258757772220004
-0.0023071089775852775
-0.003932629852612365
-0.010149270623822534
-0.0036216050697283867
-0.003713117164582003
-0.003584725752201369
-0.004855923744377926
-0.0031964880958932785
-0.0012275432690342079
-0.0030813614988435935
-0.0012192048090823907
0.05056642234741637
-0.004082180992111242
-0.001754065060192169
0.01762598448397702
0.0871452713330922
-0.0032162275088803145
-0.0029422921139980003
-0.0026045161512676203
0.018393162929299912
-0.004218502574954396
-0.0016850202080835083
-0.0013034636628768722
-0.00886449917584931
0.05135843522006766
-0.02360347586318499
-0.0022199182303339906
-0.004433418612556918
-0.005574667666959128
-0.0041885090114244525
-0.00583953732590395
-0.005378347787426734
-0.010475151240825915
-0.005155610248768697
-0.0012307534790071413
-0.0021487723681193915
-0.0018394131591235785
0.0076458143709874455
-0.008682026067960365
0.011464284589651824
0.014579866000775965
-0.010810031087446608
0.010672876765631006
-0.006320819122172022
-0.003185877038522435
0.006792537420320335
0.007035415797216603
0.024406849240573535
0.10559531666669073
0.007319180586801127
0.036559314538423475
-0.12235540996533902
0.00428628386953216
-0.020658769303953217
-0.007767629966146239
-0.007799008244612684
0.037336358275188955
0.0021057371428961666
0.021577628293722482
-0.020273859499491148
-0.005874320888337212
-0.012564211952526876
0.008915672427855088
-0.03157625739004553
-0.002453787171604075
-0.0025646003729685725
-0.002828646880557085
-0.008455859337405117
0.016747408519999056
-0.00631819188372192
-0.0030645908555695565
0.02968958571301251
-0.005428687131696726
-0.002872740445724386
-0.0018104017440530888
0.004035778689148109
-0.0024704793238775557
-0.015401004577748798
-0.0017003434415504596
-0.005375514025493612
-0.009933917235007049
0.010073762702391964
0.010551808625392808
0.01816629673244146
-0.008708450428374113
-0.00388722779316439
-0.0011954969925824536
-0.003186690169079324
-0.0013936291638650684
0.001563581465063388
-0.00592519494448217
-0.0036376047304558378
0.009377987098536248
-0.01774054607872118
-0.005663200444191875
0.015438710273358244
-0.006563439110561012
0.010676523441507992
-0.004913046717748118
-0.0038995044398821245
-0.001755588504639659
-0.01567573608395063
0.243495081380601
-0.02342342870707135
-0.0027835072567574453
-0.0056659980113021625
-0.008808908021914755
-0.007063392074444768
-0.010697903293599853
0.014368867791174104
-0.009530769137832502
-0.006278406784191909
-0.0019141348903953532
-0.004881339324630811
-0.005122190686681183
-0.013185245653577612
-0.003253412852935003
0.015836544566809038
-0.0025780462552958405
-0.006820450238646627
-0.0016150226532386856
0.009288330510797766
-0.0035624286671250205
-0.001621483906719946
-0.002484289638692694
-0.002815553472863154
-0.0014217131261367217
-0.005710158107207641
-0.003148852335226241
-0.029806721882726695
0.03325810893745216
-0.002371389105041892
-0.007875439941849392
0.0185239356313175
0.005525017907996412
-0.0034523803678302495
-0.00974721663930227
-0.002757682601554569
-0.002651134594240145
-0.0038205627498389553
-0.0024985314520569223
-0.012229526711691197
0.008789968127032038
0.016343449564997472
0.03752529588479431
-0.008612461137105088
0.03048068369619711
0.01610444860627812
0.01624431440487819
0.01868363367504272
-0.0026677445460001827
0.03636738306263827
0.08577127717522479
-0.0058915026572670245
0.051882704211934354
0.0015039783320568093
-0.0021908021673996123
-0.004100487271173335
0.06298783202345329
-0.006130787512488022
0.10382431326384353
0.03420632398929974
0.015550706750304306
-0.004903011548216561
0.016977700475194663
-0.00191966289464725
0.03257849996943979
-0.011108315865305939
-0.003792009385344249
-0.001830169929329298
-0.002893808101722282
-0.010491825917264998
-0.0033309087025145076
-0.004154125156021751
-0.0047571107070566694
-0.0023004064626121657
-0.006541051405157471
-0.004638057128812038
-0.0019297270111620158
-0.016144029569506176
-0.006860247911645103
-0.003967811782692753
-0.0023422068310603216
-0.0038668574970138606
-0.012990178559870615
-0.007102168432810477
-0.01267795208276443
-0.0028877576352865485
-0.010991121504102395
-0.005307662757973163
-0.003615333709574897
-0.003668491580020974
-0.0023555012474493664
-0.010929010424886088
-0.003095120691293195
0.0295537545057244
-0.004292538769566682
0.005423521650648956
-0.002030567338705185
-0.0029479584173702877
-0.0030607415255657017
-0.0023972083246187083
-0.002779043020466831
-0.0019535801367662185
-0.0014610630607747254
-0.00648415432005709
-0.00471320663838712
0.0028490559123510078
-0.00312186379752069
-0.005232064296004408
0.014829167596953626
-0.003867432219873267
-0.004964349357719693
-0.0056111402021340835
-0.005716366052377668
-0.0029571731775196283
-0.002127611595706603
-0.002107136547815125
-0.0022580273169617144
0.010475956144935938
0.06802021588846727
0.0187653819464243
-0.0023517111632882456
0.006507277026737219
-0.0018609134294294263
0.016274212622171085
-0.0011388805445563413
0.034590327640511766
-0.0014517916936052455
-0.0009593061734666652
0.042761175643794114
-0.004867340328570013
-0.0017536008057855415
0.007523694661130319
0.018972072560134303
-0.0026142533308803027
-0.004326491186935173
0.01688474128236457
-0.0022875113806449464
0.04908389056338473
-0.005955491610304008
0.009687913117788109
-0.001543455089845107
0.01657189390498064
0.015923344828439098
0.08229073227278114
-0.020914578498908248
-0.008003444122742379
-0.014324345662502994
-0.004966553088607853
-0.013909686559082158
-0.021549614813362136
-0.008997700703513365
-0.007392776993027708
-0.01583303430330187
-0.006697735402326224
-0.006790646762675579
-0.021485153356930912
-0.014577735107672596
0.03308811445790195
-0.007646926508504169
-0.01547734041196805
0.010590514520020243
-0.02924036821709672
-0.020801506999319017
0.010604604916518138
-0.029267309162713636
-0.0236737975292993
-0.004422673298083179
0.006150860011939161
-0.005049154337613006
-0.03210815999474691
-0.00918389969815902
-0.005794938013131425
-0.004860812282058206
0.061097188106106634
-0.004611735075040595
-0.007297024475469292
-0.004894123309570826
0.2466826360490128
-0.007493913467878698
0.009547641441633895
0.012079724597134123
-0.02304208723705109
0.00867747900574648
0.06037974120414762
-0.0070794073783005534
-0.004299397721320019
0.010335617335744042
-0.007788725825337088
-0.015483709296764942
0.051172212773768766
-0.008971425363315542
-0.006428214020560386
-0.002240838718491632
-0.004051165186506794
-0.003984819370201608
0.06215402211210393
-0.00895758319855711
0.04539691361815566
0.007673498333601478
-0.0924455108127507
0.004817594821951926
-0.004384955001025864
-0.0012183107361312022
0.01902055835024444
-0.040296420484185747
-0.011973411418405138
0.025151630707997627
-0.07950824690076796
-0.008262573867547786
-0.15932222645880004
-0.0020715580127516173
-0.032504707353190186
0.0026802528938884586
-0.04597196218530596
-0.029962197778181612
-0.02743669080142454
-0.06507135176706672
-0.01939146259066121
-0.011725433444361574
-0.019625081765004528
-0.012563561025345922
-0.08668638744271427
-0.002295308082157736
-0.0015167975638902167
-0.0015363428496603896
-0.010493048518310712
-0.0017054244451350014
-0.0038135532076549
-0.00340154075890804
-0.00151588075636329
-0.003996793554508632
-0.0018733047181347577
-0.0008729757495346944
0.07613952003712111
-0.0038601193448120916
-0.0071212191867763485
0.015740256499922126
-0.002006213013647794
-0.005866442331209342
-0.003794144605280095
-0.006856368601318319
-0.0027956158979727456
-0.003678054193060737
-0.00484916721431017
0.017382228536008147
-0.0029763976706887727
-0.002444599701331512
0.0047126990243727355
-0.009200565849447607
-0.003949559229125185
-0.006570117817103864
-0.002902819124548044
-0.0040153929773699285
-0.003937435202768941
-0.002971622124166942
-0.002531249402869006
-0.008011277418090218
-0.004523646941322037
-0.0015637511715402524
-0.012228355141334775
0.01850950417155237
-0.03381453111732322
-0.003320294407206193
-0.008430641963751874
-0.013669479128715143
0.008018991239008288
-0.009698316823943624
-0.005939910391578576
-0.010202916296263359
-0.007554125301521019
-0.0023657326661512285
-0.002691651339190791
-0.003017615521216128
-0.013418943730275879
0.007765697703942971
-0.0071207036343134906
-0.008370820518318514
0.06253857922806164
-0.005167298541768205
0.003937997936090461
-0.006010181078652531
-0.006305551508101698
-0.008076723316454468
-0.004387100083666329
-0.0033877794069564413
-0.017360031325096878
-0.010244925263655023
-0.014680214837365082
0.035460152802194604
-0.008989594819203075
-0.001215762898220478
-0.011020117473732936
-0.0015596900517784761
0.01564037599434085
-0.020366199790580845
-0.01291058953182804
-0.006737471486163808
-0.00910626864857204
-0.004629324334953051
0.027387859054747166
-0.009659612933096029
-0.007214350642530063
-0.00693464052796918
0.02541641786908829
-0.003951836473885111
-0.012518291166097237
-0.005540137647594455
0.03709656758654683
-0.007920985086242427
-0.004015524196730943
-0.0019665193104549737
-0.03152690225916508
0.044753189298054254
-0.03130540987201951
-0.0034532453225773166
-0.005876466544371682
-0.008872234429370657
0.01236885857403935
-0.01622171819103194
0.04418140046834827
-0.016421830660552153
-0.00945751163307344
-0.0031508184252135997
-0.005081963741027095
-0.006679436329630818
-0.023772960463820863
-0.012103994964162323
0.030242739077379656
-0.005321315919961305
0.012154565642469846
-0.0059005849393369385
-0.0055273396676162705
0.011258197326456077
0.015794540876075874
-0.009051956096766987
-0.005703885197410696
-0.0037745201969146998
-0.021558074840881538
0.045233842125212004
-0.04674706570531613
-0.004435304643938267
-0.007280944862587214
-0.0009582133257236721
0.02107220767504466
-0.0070900330421802965
-0.0048870725195846905
-0.024257187088763368
-0.009816311126973629
-0.00454779921156929
-0.0059666086182094125
-0.003607959019539561
0.057933535917717764
0.01660212745014127
-0.0027453630222000164
0.013259941317168513
-0.018391819245395437
0.012323202212287027
-0.008611182065772088
-0.0030779866659065057
-0.004275149658598352
0.00937837121091006
-0.0031657877875667334
-0.002143787628746404
-0.012110469094813905
0.015514710175469454
0.04519753574729087
-0.0023431375403765576
0.04810789233997906
-0.00560626050883339
-0.005093540945288253
-0.006426470509239665
-0.004794659167416426
0.0031133233644330877
-0.008128021817047821
-0.0028695036482452923
-0.0036517635494025887
-0.0015484850356600958
-0.01794894205691478
-0.007932397891875186
-0.010004484303169671
-0.007285598810323359
8.800931907686041e-05
-0.007911478471472527
-0.011330684137233421
-0.006625478695922651
0.0070842959814767055
-0.007070975100024331
-0.010310230971846393
-0.0073652849863119875
-0.02997675681495893
0.002313509687220694
-0.04034193244536638
-0.006660966773791292
-0.012902508823907588
-0.017512681140508822
-0.014240535002319667
-0.013006062706126089
0.0043612197163146295
0.00032930844516592474
-0.014947143337956891
-0.0070858389473076175
-0.009997754975946302
-0.00423867378597226
-0.022260292286025045
-0.007727442330917266
-0.004507210294382979
-0.003746631619948263
-0.021081054776354958
-0.0024647173217371746
-0.005161214323746046
-0.004660977381741356
-0.0029804109687915723
-0.0035550956565756735
-0.006058017074525822
-0.003703183295962573
-0.016381351122275536
0.010927919336607786
-0.014837434423650502
-0.0026194908214802505
-0.006641088131239686
-0.0076158502885805505
-0.0057269502817142385
-0.010624638938961678
-0.003678210686247417
-0.01125384716742283
-0.00622483476280293
-0.00414435744926663
-0.0029081017327863582
-0.004559354875994574
-0.016490850326774456
-0.0033572672395363887
-0.0024178612720116752
-0.0015784461561189206
0.02881890105031611
-0.00243485352680313
-0.0037081316173663372
-0.00249702142261511
-0.0016821363710342238
-0.003119021730537521
-0.0013103556112410834
-0.0011370825371606673
-0.004499043786326197
-0.004526226820646698
-0.009334808285448217
-0.0024955146140914135
-0.004138906433933288
-0.0030405490091726
-0.005970721894509172
-0.0038371810889684336
-0.0016183061971348188
-0.003992175205877938
-0.0021257269769270884
-0.0015176166622759358
-0.0012293220755126746
-0.001930932592798423
0.01283299674841815
-0.0044601156493817365
-0.002843709631528445
-0.0017909533573327197
-0.008095007131211108
-0.003015845680008687
-0.0034348695237868664
0.01514800448666511
-0.0031402964998205884
-0.005010556191094238
-0.003260882352537549
0.10568572988683754
-0.008467028360846899
-0.005494085503176934
-0.026400644931017715
-0.0016678438125959727
-0.005218317272294689
-0.004274437343512135
-0.00465708781435912
0.008537367811145568
-0.00232717290434281
-0.009521539810186112
-0.0028630516798279523
-0.0013457564903609181
-0.0028033985473539407
-0.0033405835203542166
-0.0058536184906682045
-0.004807950326007867
-0.0024744341883551047
-0.001634682453952203
-0.006717768623979815
-0.0017503918679395974
-0.003121810540713872
-0.0020063891143623255
0.06511603321379458
-0.002780643215014834
-0.002716931052114909
-0.001608270116093619
-0.009402257694445741
-0.0031990075595285292
-0.013043711339135672
-0.001760723633454204
-0.0023747612184511265
-0.004210027572779334
-0.002971918745715168
-0.006040266615631853
0.03737591137227241
-0.005204186726572845
-0.0022227143773709246
-0.0017439695453341448
-0.0018972625903780323
0.053970221588830976
-0.008232336776995178
-0.010037850758763492
0.056131491323361864
-0.012680766843676658
-0.03284774363258187
-0.008230230674800028
-0.02163432971831969
0.016749849477685597
0.03438483263451913
-0.017377585814038237
0.012039985855203406
0.012267740628756362
-0.013591603079483996
-0.0057445270370325395
-0.05429196154028927
0.01745726409866495
-0.012227794351839726
0.04919496590214034
-0.018721442988911628
-0.0027884341987863027
0.0009816171194513873
-0.036558271246679166
0.009028366640832517
-0.008830016392291607
-0.0061364446033838815
0.011138046281223191
-0.022470910724255545